1.34068    0.327399  1.3865
1.29498    0.411712  1.34392
1.25158    0.286674  1.33914
1.34068    0.327399  1.3865


1.37093    0.153872  1.42467
1.34068    0.327399  1.3865
1.25158    0.286674  1.33914
1.37093    0.153872  1.42467


1.42978    0.368125  1.42978
1.29498    0.411712  1.34392
1.34068    0.327399  1.3865
1.42978    0.368125  1.42978


1.49211    0.125333  1.49211
1.41525    0.0409031  1.45472
1.5    0  1.5
1.49211    0.125333  1.49211


1.41525    0.0409031  1.45472
1.27328    0.0590544  1.37224
1.33838    -0.043527  1.4115
1.41525    0.0409031  1.45472


1.5    0  1.5
1.41525    0.0409031  1.45472
1.33838    -0.043527  1.4115
1.5    0  1.5


1.49211    0.125333  1.49211
1.46858    0.24869  1.46858
1.37093    0.153872  1.42467
1.49211    0.125333  1.49211


0.945745    0.0377628  1.14504
0.798634    0.101634  1.02307
0.814527    -0.0241737  1.03897
0.945745    0.0377628  1.14504


1.0844    -0.0967542  1.246
1.0439    0.0174403  1.21919
0.941136    -0.0977224  1.13942
1.0844    -0.0967542  1.246


1.02562    0.230991  1.19253
1.14308    0.264217  1.27156
1.07798    0.366799  1.21015
1.02562    0.230991  1.19253


1.0439    0.0174403  1.21919
1.07167    0.141635  1.23427
0.945745    0.0377628  1.14504
1.0439    0.0174403  1.21919


1.0439    0.0174403  1.21919
1.15859    0.0382474  1.29911
1.07167    0.141635  1.23427
1.0439    0.0174403  1.21919


1.49211    0.125333  1.49211
1.37093    0.153872  1.42467
1.41525    0.0409031  1.45472
1.49211    0.125333  1.49211


1.37093    0.153872  1.42467
1.20818    0.161636  1.32559
1.27328    0.0590544  1.37224
1.37093    0.153872  1.42467


1.41525    0.0409031  1.45472
1.37093    0.153872  1.42467
1.27328    0.0590544  1.37224
1.41525    0.0409031  1.45472


1.46858    0.24869  1.46858
1.42978    0.368125  1.42978
1.34068    0.327399  1.3865
1.46858    0.24869  1.46858


-0.15841    -0.623625  -0.114702
-0.137424    -0.770513  -0.137424
-0.0157084    -0.711863  0.0404062
-0.15841    -0.623625  -0.114702


0.735061    0.604864  0.8791
0.882682    0.674543  0.981634
0.719168    0.730672  0.82301
0.735061    0.604864  0.8791


0.580876    0.156675  0.822422
0.681808    0.192058  0.913641
0.542554    0.274619  0.772565
0.580876    0.156675  0.822422


0.474624    0.0177622  0.723702
0.330048    -0.00320578  0.572143
0.38138    -0.088388  0.625227
0.474624    0.0177622  0.723702


0.580876    0.156675  0.822422
0.474624    0.0177622  0.723702
0.619199    0.0387301  0.86459
0.580876    0.156675  0.822422


0.39486    0.0885289  0.639454
0.330048    -0.00320578  0.572143
0.474624    0.0177622  0.723702
0.39486    0.0885289  0.639454


0.459671    0.180264  0.700458
0.39486    0.0885289  0.639454
0.474624    0.0177622  0.723702
0.459671    0.180264  0.700458


0.459671    0.180264  0.700458
0.338465    0.203853  0.57087
0.39486    0.0885289  0.639454
0.459671    0.180264  0.700458


0.504231    0.392564  0.715018
0.336286    0.327039  0.552165
0.43942    0.300829  0.665196
0.504231    0.392564  0.715018


0.298113    0.0950814  0.534981
0.201366    0.101634  0.425806
0.185473    -0.0241737  0.409913
0.298113    0.0950814  0.534981


0.39486    0.0885289  0.639454
0.298113    0.0950814  0.534981
0.330048    -0.00320578  0.572143
0.39486    0.0885289  0.639454


0.39486    0.0885289  0.639454
0.338465    0.203853  0.57087
0.298113    0.0950814  0.534981
0.39486    0.0885289  0.639454


0.43942    0.300829  0.665196
0.336286    0.327039  0.552165
0.338465    0.203853  0.57087
0.43942    0.300829  0.665196


0.542554    0.274619  0.772565
0.43942    0.300829  0.665196
0.459671    0.180264  0.700458
0.542554    0.274619  0.772565


0.542554    0.274619  0.772565
0.504231    0.392564  0.715018
0.43942    0.300829  0.665196
0.542554    0.274619  0.772565


0.217259    0.227442  0.433659
0.201366    0.101634  0.425806
0.298113    0.0950814  0.534981
0.217259    0.227442  0.433659


0.708916    0.070182  0.946091
0.798634    0.101634  1.02307
0.681808    0.192058  0.913641
0.708916    0.070182  0.946091


0.580876    0.156675  0.822422
0.708916    0.070182  0.946091
0.681808    0.192058  0.913641
0.580876    0.156675  0.822422


0.619199    0.0387301  0.86459
0.657522    -0.0792145  0.899068
0.708916    0.070182  0.946091
0.619199    0.0387301  0.86459


0.91345    0.155828  1.11396
1.02562    0.230991  1.19253
0.881154    0.273894  1.0754
0.91345    0.155828  1.11396


0.654701    0.313934  0.873397
0.681808    0.192058  0.913641
0.782741    0.227442  0.999141
0.654701    0.313934  0.873397


0.627593    0.43581  0.825358
0.654701    0.313934  0.873397
0.766847    0.353249  0.967167
0.627593    0.43581  0.825358


0.542554    0.274619  0.772565
0.681808    0.192058  0.913641
0.654701    0.313934  0.873397
0.542554    0.274619  0.772565


0.708916    0.070182  0.946091
0.814527    -0.0241737  1.03897
0.798634    0.101634  1.02307
0.708916    0.070182  0.946091


0.298113    0.0950814  0.534981
0.338465    0.203853  0.57087
0.217259    0.227442  0.433659
0.298113    0.0950814  0.534981


0.695844    -0.197159  0.925855
0.734167    -0.315104  0.944954
0.846313    -0.275789  1.04663
0.695844    -0.197159  0.925855


0.657522    -0.0792145  0.899068
0.695844    -0.197159  0.925855
0.83042    -0.149981  1.04682
0.657522    -0.0792145  0.899068


0.535536    -0.0969062  0.782191
0.564278    -0.185365  0.803973
0.657522    -0.0792145  0.899068
0.535536    -0.0969062  0.782191


0.619199    0.0387301  0.86459
0.535536    -0.0969062  0.782191
0.657522    -0.0792145  0.899068
0.619199    0.0387301  0.86459


0.474624    0.0177622  0.723702
0.38138    -0.088388  0.625227
0.535536    -0.0969062  0.782191
0.474624    0.0177622  0.723702


0.580876    0.156675  0.822422
0.459671    0.180264  0.700458
0.474624    0.0177622  0.723702
0.580876    0.156675  0.822422


0.185473    -0.0241737  0.409913
0.16958    -0.149981  0.38598
0.301146    -0.161776  0.534035
0.185473    -0.0241737  0.409913


0.619199    0.0387301  0.86459
0.474624    0.0177622  0.723702
0.535536    -0.0969062  0.782191
0.619199    0.0387301  0.86459


0.289226    -0.256132  0.511037
0.404527    -0.270285  0.633303
0.301146    -0.161776  0.534035
0.289226    -0.256132  0.511037


0.83042    -0.149981  1.04682
0.941136    -0.0977224  1.13942
0.814527    -0.0241737  1.03897
0.83042    -0.149981  1.04682


0.657522    -0.0792145  0.899068
0.83042    -0.149981  1.04682
0.814527    -0.0241737  1.03897
0.657522    -0.0792145  0.899068


0.957747    -0.249853  1.13908
0.943723    -0.339315  1.11504
1.06918    -0.223917  1.22497
0.957747    -0.249853  1.13908


1.07256    0.568773  1.15905
1.01288    0.46938  1.14136
1.11053    0.481301  1.20875
1.07256    0.568773  1.15905


1.15841    0.623625  1.20212
1.07256    0.568773  1.15905
1.11053    0.481301  1.20875
1.15841    0.623625  1.20212


1.03458    0.656244  1.10478
0.947782    0.571962  1.06519
1.07256    0.568773  1.15905
1.03458    0.656244  1.10478


0.979568    0.320346  1.14573
1.07798    0.366799  1.21015
1.01288    0.46938  1.14136
0.979568    0.320346  1.14573


0.782741    0.227442  0.999141
0.881154    0.273894  1.0754
0.766847    0.353249  0.967167
0.782741    0.227442  0.999141


0.91345    0.155828  1.11396
0.798634    0.101634  1.02307
0.945745    0.0377628  1.14504
0.91345    0.155828  1.11396


1.07167    0.141635  1.23427
0.91345    0.155828  1.11396
0.945745    0.0377628  1.14504
1.07167    0.141635  1.23427


0.881154    0.273894  1.0754
0.782741    0.227442  0.999141
0.91345    0.155828  1.11396
0.881154    0.273894  1.0754


0.889865    0.411315  1.05889
0.881154    0.273894  1.0754
0.979568    0.320346  1.14573
0.889865    0.411315  1.05889


0.782741    0.227442  0.999141
0.798634    0.101634  1.02307
0.91345    0.155828  1.11396
0.782741    0.227442  0.999141


1.14308    0.264217  1.27156
1.25158    0.286674  1.33914
1.18648    0.389255  1.2801
1.14308    0.264217  1.27156


-0.0345821    0.656244  0.0356144
0.0522181    0.737755  0.115317
-0.0358268    0.844328  -0.0358268
-0.0345821    0.656244  0.0356144


-0.228969    0.684547  -0.228969
-0.15841    0.623625  -0.114702
-0.137424    0.770513  -0.137424
-0.228969    0.684547  -0.228969


0.0522181    0.571962  0.169622
0.117318    0.674543  0.216271
-0.0345821    0.656244  0.0356144
0.0522181    0.571962  0.169622


-0.0856458    0.546503  0.00326467
0.0522181    0.571962  0.169622
-0.0345821    0.656244  0.0356144
-0.0856458    0.546503  0.00326467


-0.0128821    0.46938  0.115594
0.110135    0.411315  0.279159
0.0522181    0.571962  0.169622
-0.0128821    0.46938  0.115594


1.37631    0.481754  1.37631
1.20818    0.493222  1.27129
1.29498    0.411712  1.34392
1.37631    0.481754  1.37631


-0.403483    -0.146108  -0.363578
-0.492115    -0.125333  -0.492115
-0.468583    -0.24869  -0.468583
-0.403483    -0.146108  -0.363578


-0.429776    -0.368125  -0.429776
-0.34764    -0.274036  -0.296749
-0.468583    -0.24869  -0.468583
-0.429776    -0.368125  -0.429776


-0.338383    -0.043527  -0.265274
-0.382699    0.0921938  -0.330312
-0.5    -2.54826e-15  -0.5
-0.338383    -0.043527  -0.265274


-0.338383    -0.043527  -0.265274
-0.273283    0.0590544  -0.174327
-0.382699    0.0921938  -0.330312
-0.338383    -0.043527  -0.265274


-0.236206    -0.299972  -0.14488
-0.187374    -0.383169  -0.0928807
-0.103862    -0.345141  0.0245137
-0.236206    -0.299972  -0.14488


-0.292049    -0.172045  -0.206961
-0.34764    -0.274036  -0.296749
-0.236206    -0.299972  -0.14488
-0.292049    -0.172045  -0.206961


-0.429776    -0.368125  -0.429776
-0.376307    -0.481754  -0.376307
-0.291796    -0.401964  -0.239631
-0.429776    -0.368125  -0.429776


-0.338383    0.205163  -0.275322
-0.208183    0.161636  -0.0907775
-0.251583    0.286674  -0.164027
-0.338383    0.205163  -0.275322


-0.116233    -0.121722  0.0344451
-0.180615    -0.197981  -0.0569046
-0.0691812    -0.223917  0.0866109
-0.116233    -0.121722  0.0344451


-0.162567    0.00679546  -0.0230097
-0.116233    -0.121722  0.0344451
-0.0518514    -0.0454635  0.120815
-0.162567    0.00679546  -0.0230097


-0.211392    -0.0701406  -0.0898239
-0.180615    -0.197981  -0.0569046
-0.116233    -0.121722  0.0344451
-0.211392    -0.0701406  -0.0898239


-0.273283    0.0590544  -0.174327
-0.211392    -0.0701406  -0.0898239
-0.162567    0.00679546  -0.0230097
-0.273283    0.0590544  -0.174327


-0.292049    -0.172045  -0.206961
-0.180615    -0.197981  -0.0569046
-0.211392    -0.0701406  -0.0898239
-0.292049    -0.172045  -0.206961


-0.162567    0.00679546  -0.0230097
-0.0518514    -0.0454635  0.120815
-0.0716663    0.141635  0.0909356
-0.162567    0.00679546  -0.0230097


-0.0779822    0.366799  0.054184
-0.0128821    0.46938  0.115594
-0.0856458    0.546503  0.00326467
-0.0779822    0.366799  0.054184


-0.294983    0.411712  -0.246043
-0.186482    0.389255  -0.0928598
-0.208183    0.493222  -0.145076
-0.294983    0.411712  -0.246043


-0.143082    0.264217  -0.0146062
-0.0716663    0.141635  0.0909356
-0.0256173    0.230991  0.141293
-0.143082    0.264217  -0.0146062


-0.0716663    0.141635  0.0909356
-0.143082    0.264217  -0.0146062
-0.208183    0.161636  -0.0907775
-0.0716663    0.141635  0.0909356


0.118846    0.273894  0.313089
0.217259    0.227442  0.433659
0.233153    0.353249  0.433472
0.118846    0.273894  0.313089


-0.0128821    0.46938  0.115594
0.0204317    0.320346  0.186597
0.110135    0.411315  0.279159
-0.0128821    0.46938  0.115594


0.0865501    0.155828  0.287062
0.217259    0.227442  0.433659
0.118846    0.273894  0.313089
0.0865501    0.155828  0.287062


-0.403483    -0.146108  -0.363578
-0.338383    -0.043527  -0.265274
-0.5    -2.54826e-15  -0.5
-0.403483    -0.146108  -0.363578


-0.403483    -0.146108  -0.363578
-0.5    -2.54826e-15  -0.5
-0.492115    -0.125333  -0.492115
-0.403483    -0.146108  -0.363578


-0.294983    0.411712  -0.246043
-0.208183    0.493222  -0.145076
-0.376307    0.481754  -0.376307
-0.294983    0.411712  -0.246043


-0.468583    0.24869  -0.468583
-0.338383    0.205163  -0.275322
-0.34068    0.327399  -0.294846
-0.468583    0.24869  -0.468583


-0.186482    0.389255  -0.0928598
-0.143082    0.264217  -0.0146062
-0.0779822    0.366799  0.054184
-0.186482    0.389255  -0.0928598


-0.208183    0.493222  -0.145076
-0.309017    0.587785  -0.309017
-0.376307    0.481754  -0.376307
-0.208183    0.493222  -0.145076


-0.429776    0.368125  -0.429776
-0.294983    0.411712  -0.246043
-0.376307    0.481754  -0.376307
-0.429776    0.368125  -0.429776


0.158579    0.588413  0.292195
0.249046    0.479057  0.425245
0.264939    0.604864  0.408977
0.158579    0.588413  0.292195


0.117318    0.674543  0.216271
0.158579    0.588413  0.292195
0.264939    0.604864  0.408977
0.117318    0.674543  0.216271


0.0522181    0.571962  0.169622
0.110135    0.411315  0.279159
0.158579    0.588413  0.292195
0.0522181    0.571962  0.169622


-0.186482    0.389255  -0.0928598
-0.251583    0.286674  -0.164027
-0.143082    0.264217  -0.0146062
-0.186482    0.389255  -0.0928598


-0.0856458    0.546503  0.00326467
-0.186482    0.389255  -0.0928598
-0.0779822    0.366799  0.054184
-0.0856458    0.546503  0.00326467


-0.294983    0.411712  -0.246043
-0.251583    0.286674  -0.164027
-0.186482    0.389255  -0.0928598
-0.294983    0.411712  -0.246043


0.110135    0.411315  0.279159
0.249046    0.479057  0.425245
0.158579    0.588413  0.292195
0.110135    0.411315  0.279159


0.110135    0.411315  0.279159
0.233153    0.353249  0.433472
0.249046    0.479057  0.425245
0.110135    0.411315  0.279159


-0.0779822    0.366799  0.054184
0.0204317    0.320346  0.186597
-0.0128821    0.46938  0.115594
-0.0779822    0.366799  0.054184


-0.0256173    0.230991  0.141293
-0.0716663    0.141635  0.0909356
0.0865501    0.155828  0.287062
-0.0256173    0.230991  0.141293


0.118846    0.273894  0.313089
-0.0256173    0.230991  0.141293
0.0865501    0.155828  0.287062
0.118846    0.273894  0.313089


0.0204317    0.320346  0.186597
-0.0779822    0.366799  0.054184
-0.0256173    0.230991  0.141293
0.0204317    0.320346  0.186597


0.110135    0.411315  0.279159
0.0204317    0.320346  0.186597
0.118846    0.273894  0.313089
0.110135    0.411315  0.279159


-0.0779822    0.366799  0.054184
-0.143082    0.264217  -0.0146062
-0.0256173    0.230991  0.141293
-0.0779822    0.366799  0.054184


0.217259    0.227442  0.433659
0.338465    0.203853  0.57087
0.336286    0.327039  0.552165
0.217259    0.227442  0.433659


-0.251583    0.286674  -0.164027
-0.208183    0.161636  -0.0907775
-0.143082    0.264217  -0.0146062
-0.251583    0.286674  -0.164027


-0.429776    0.368125  -0.429776
-0.34068    0.327399  -0.294846
-0.294983    0.411712  -0.246043
-0.429776    0.368125  -0.429776


-0.338383    0.205163  -0.275322
-0.382699    0.0921938  -0.330312
-0.273283    0.0590544  -0.174327
-0.338383    0.205163  -0.275322


-0.34068    0.327399  -0.294846
-0.338383    0.205163  -0.275322
-0.251583    0.286674  -0.164027
-0.34068    0.327399  -0.294846


-0.294983    0.411712  -0.246043
-0.34068    0.327399  -0.294846
-0.251583    0.286674  -0.164027
-0.294983    0.411712  -0.246043


-0.429776    0.368125  -0.429776
-0.468583    0.24869  -0.468583
-0.34068    0.327399  -0.294846
-0.429776    0.368125  -0.429776


-0.468583    0.24869  -0.468583
-0.492115    0.125333  -0.492115
-0.338383    0.205163  -0.275322
-0.468583    0.24869  -0.468583


-0.15841    0.623625  -0.114702
-0.0345821    0.656244  0.0356144
-0.137424    0.770513  -0.137424
-0.15841    0.623625  -0.114702


-0.309017    0.587785  -0.309017
-0.15841    0.623625  -0.114702
-0.228969    0.684547  -0.228969
-0.309017    0.587785  -0.309017


-0.0856458    0.546503  0.00326467
-0.0128821    0.46938  0.115594
0.0522181    0.571962  0.169622
-0.0856458    0.546503  0.00326467


-0.208183    0.493222  -0.145076
-0.0856458    0.546503  0.00326467
-0.15841    0.623625  -0.114702
-0.208183    0.493222  -0.145076


-0.208183    0.493222  -0.145076
-0.186482    0.389255  -0.0928598
-0.0856458    0.546503  0.00326467
-0.208183    0.493222  -0.145076


-0.0345821    0.656244  0.0356144
-0.0358268    0.844328  -0.0358268
-0.137424    0.770513  -0.137424
-0.0345821    0.656244  0.0356144


-0.208183    0.493222  -0.145076
-0.15841    0.623625  -0.114702
-0.309017    0.587785  -0.309017
-0.208183    0.493222  -0.145076


0.0522181    0.737755  0.115317
0.182418    0.777124  0.255519
0.0742207    0.904827  0.0742207
0.0522181    0.737755  0.115317


0.0522181    0.737755  0.115317
0.0742207    0.904827  0.0742207
-0.0358268    0.844328  -0.0358268
0.0522181    0.737755  0.115317


-0.338383    0.205163  -0.275322
-0.273283    0.0590544  -0.174327
-0.208183    0.161636  -0.0907775
-0.338383    0.205163  -0.275322


-0.492115    0.125333  -0.492115
-0.382699    0.0921938  -0.330312
-0.338383    0.205163  -0.275322
-0.492115    0.125333  -0.492115


-0.492115    0.125333  -0.492115
-0.5    -2.54826e-15  -0.5
-0.382699    0.0921938  -0.330312
-0.492115    0.125333  -0.492115


0.182418    0.777124  0.255519
0.296725    0.85648  0.352301
0.190983    0.951057  0.190983
0.182418    0.777124  0.255519


0.117318    0.674543  0.216271
0.182418    0.777124  0.255519
0.0522181    0.737755  0.115317
0.117318    0.674543  0.216271


0.117318    0.674543  0.216271
0.0522181    0.571962  0.169622
0.158579    0.588413  0.292195
0.117318    0.674543  0.216271


-0.138543    -0.466366  -0.0455336
-0.187374    -0.383169  -0.0928807
-0.235953    -0.529892  -0.192238
-0.138543    -0.466366  -0.0455336


0.0204317    0.320346  0.186597
-0.0256173    0.230991  0.141293
0.118846    0.273894  0.313089
0.0204317    0.320346  0.186597


0.0588642    -0.0977224  0.257145
-0.116233    -0.121722  0.0344451
-0.0691812    -0.223917  0.0866109
0.0588642    -0.0977224  0.257145


-0.208183    0.161636  -0.0907775
-0.162567    0.00679546  -0.0230097
-0.0716663    0.141635  0.0909356
-0.208183    0.161636  -0.0907775


-0.273283    0.0590544  -0.174327
-0.338383    -0.043527  -0.265274
-0.211392    -0.0701406  -0.0898239
-0.273283    0.0590544  -0.174327


0.185473    -0.0241737  0.409913
0.330048    -0.00320578  0.572143
0.298113    0.0950814  0.534981
0.185473    -0.0241737  0.409913


0.0865501    0.155828  0.287062
0.0542545    0.0377628  0.253544
0.201366    0.101634  0.425806
0.0865501    0.155828  0.287062


0.0542545    0.0377628  0.253544
-0.0716663    0.141635  0.0909356
-0.0518514    -0.0454635  0.120815
0.0542545    0.0377628  0.253544


0.217259    0.227442  0.433659
0.0865501    0.155828  0.287062
0.201366    0.101634  0.425806
0.217259    0.227442  0.433659


0.118846    0.273894  0.313089
0.233153    0.353249  0.433472
0.110135    0.411315  0.279159
0.118846    0.273894  0.313089


-0.208183    0.161636  -0.0907775
-0.273283    0.0590544  -0.174327
-0.162567    0.00679546  -0.0230097
-0.208183    0.161636  -0.0907775


0.289226    -0.256132  0.511037
0.301146    -0.161776  0.534035
0.16958    -0.149981  0.38598
0.289226    -0.256132  0.511037


0.376343    -0.366999  0.588166
0.289226    -0.256132  0.511037
0.257068    -0.384298  0.454711
0.376343    -0.366999  0.588166


0.404527    -0.270285  0.633303
0.432712    -0.17357  0.673366
0.301146    -0.161776  0.534035
0.404527    -0.270285  0.633303


0.376343    -0.366999  0.588166
0.404527    -0.270285  0.633303
0.289226    -0.256132  0.511037
0.376343    -0.366999  0.588166


0.376343    -0.366999  0.588166
0.495617    -0.349701  0.714358
0.404527    -0.270285  0.633303
0.376343    -0.366999  0.588166


-0.291796    -0.401964  -0.239631
-0.376307    -0.481754  -0.376307
-0.235953    -0.529892  -0.192238
-0.291796    -0.401964  -0.239631


0.331337    -0.602889  0.482673
0.252018    -0.508533  0.421311
0.201219    -0.62176  0.331573
0.331337    -0.602889  0.482673


0.426519    -0.716116  0.546281
0.331337    -0.602889  0.482673
0.280537    -0.716116  0.389608
0.426519    -0.716116  0.546281


0.382136    -0.489662  0.568038
0.252018    -0.508533  0.421311
0.331337    -0.602889  0.482673
0.382136    -0.489662  0.568038


0.477318    -0.602889  0.635638
0.426519    -0.716116  0.546281
0.5725    -0.716116  0.692299
0.477318    -0.602889  0.635638


0.495617    -0.349701  0.714358
0.614892    -0.332402  0.833287
0.564278    -0.185365  0.803973
0.495617    -0.349701  0.714358


0.426519    -0.716116  0.546281
0.359856    -0.810471  0.440039
0.505837    -0.810471  0.590931
0.426519    -0.716116  0.546281


0.5725    -0.716116  0.692299
0.426519    -0.716116  0.546281
0.505837    -0.810471  0.590931
0.5725    -0.716116  0.692299


0.477318    -0.602889  0.635638
0.331337    -0.602889  0.482673
0.426519    -0.716116  0.546281
0.477318    -0.602889  0.635638


0.614892    -0.332402  0.833287
0.734167    -0.315104  0.944954
0.695844    -0.197159  0.925855
0.614892    -0.332402  0.833287


0.512254    -0.470791  0.706123
0.614892    -0.332402  0.833287
0.495617    -0.349701  0.714358
0.512254    -0.470791  0.706123


0.642371    -0.45192  0.835564
0.734167    -0.315104  0.944954
0.614892    -0.332402  0.833287
0.642371    -0.45192  0.835564


0.0742207    -0.904827  0.0742207
0.0901139    -0.779019  0.145693
-0.0358268    -0.844328  -0.0358268
0.0742207    -0.904827  0.0742207


0.0742207    -0.904827  0.0742207
0.190983    -0.951057  0.190983
0.206467    -0.820955  0.265732
0.0742207    -0.904827  0.0742207


0.359856    -0.810471  0.440039
0.312619    -0.982287  0.312619
0.439174    -0.904827  0.482887
0.359856    -0.810471  0.440039


0.560826    -0.904827  0.604551
0.644154    -0.786882  0.733483
0.505837    -0.810471  0.590931
0.560826    -0.904827  0.604551


0.280537    -0.716116  0.389608
0.206467    -0.820955  0.265732
0.359856    -0.810471  0.440039
0.280537    -0.716116  0.389608


-0.0157084    -0.711863  0.0404062
0.0901139    -0.779019  0.145693
0.106007    -0.653212  0.209847
-0.0157084    -0.711863  0.0404062


0.1219    -0.527404  0.26594
-0.0182546    -0.575515  0.0811151
0.106007    -0.653212  0.209847
0.1219    -0.527404  0.26594


-0.137424    -0.770513  -0.137424
-0.0358268    -0.844328  -0.0358268
-0.0157084    -0.711863  0.0404062
-0.137424    -0.770513  -0.137424


0.137794    -0.401597  0.313993
0.1219    -0.527404  0.26594
0.252018    -0.508533  0.421311
0.137794    -0.401597  0.313993


0.0306693    -0.217723  0.213069
0.0562768    -0.339315  0.227589
0.153687    -0.275789  0.354007
0.0306693    -0.217723  0.213069


0.0562768    -0.339315  0.227589
-0.0691812    -0.223917  0.0866109
-0.103862    -0.345141  0.0245137
0.0562768    -0.339315  0.227589


0.16958    -0.149981  0.38598
0.0306693    -0.217723  0.213069
0.153687    -0.275789  0.354007
0.16958    -0.149981  0.38598


-0.338383    -0.043527  -0.265274
-0.403483    -0.146108  -0.363578
-0.292049    -0.172045  -0.206961
-0.338383    -0.043527  -0.265274


-0.235953    -0.529892  -0.192238
-0.15841    -0.623625  -0.114702
-0.138543    -0.466366  -0.0455336
-0.235953    -0.529892  -0.192238


0.0132114    -0.444362  0.153925
0.1219    -0.527404  0.26594
0.137794    -0.401597  0.313993
0.0132114    -0.444362  0.153925


0.0562768    -0.339315  0.227589
0.0132114    -0.444362  0.153925
0.137794    -0.401597  0.313993
0.0562768    -0.339315  0.227589


0.153687    -0.275789  0.354007
0.0562768    -0.339315  0.227589
0.137794    -0.401597  0.313993
0.153687    -0.275789  0.354007


0.0306693    -0.217723  0.213069
-0.0691812    -0.223917  0.0866109
0.0562768    -0.339315  0.227589
0.0306693    -0.217723  0.213069


-0.138543    -0.466366  -0.0455336
-0.15841    -0.623625  -0.114702
-0.0182546    -0.575515  0.0811151
-0.138543    -0.466366  -0.0455336


-0.309017    -0.587785  -0.309017
-0.235953    -0.529892  -0.192238
-0.376307    -0.481754  -0.376307
-0.309017    -0.587785  -0.309017


-0.309017    -0.587785  -0.309017
-0.228969    -0.684547  -0.228969
-0.235953    -0.529892  -0.192238
-0.309017    -0.587785  -0.309017


-0.15841    -0.623625  -0.114702
-0.228969    -0.684547  -0.228969
-0.137424    -0.770513  -0.137424
-0.15841    -0.623625  -0.114702


0.1219    -0.527404  0.26594
0.0132114    -0.444362  0.153925
-0.0182546    -0.575515  0.0811151
0.1219    -0.527404  0.26594


-0.235953    -0.529892  -0.192238
-0.228969    -0.684547  -0.228969
-0.15841    -0.623625  -0.114702
-0.235953    -0.529892  -0.192238


-0.0358268    -0.844328  -0.0358268
0.0901139    -0.779019  0.145693
-0.0157084    -0.711863  0.0404062
-0.0358268    -0.844328  -0.0358268


0.312619    -0.982287  0.312619
0.437209    -0.998027  0.437209
0.439174    -0.904827  0.482887
0.312619    -0.982287  0.312619


0.925779    -0.904827  0.925779
0.909886    -0.779019  0.965464
0.77702    -0.782951  0.853883
0.925779    -0.904827  0.925779


0.695844    -0.197159  0.925855
0.846313    -0.275789  1.04663
0.83042    -0.149981  1.04682
0.695844    -0.197159  0.925855


0.257068    -0.384298  0.454711
0.252018    -0.508533  0.421311
0.382136    -0.489662  0.568038
0.257068    -0.384298  0.454711


0.376343    -0.366999  0.588166
0.257068    -0.384298  0.454711
0.382136    -0.489662  0.568038
0.376343    -0.366999  0.588166


0.512254    -0.470791  0.706123
0.376343    -0.366999  0.588166
0.382136    -0.489662  0.568038
0.512254    -0.470791  0.706123


0.301146    -0.161776  0.534035
0.330048    -0.00320578  0.572143
0.185473    -0.0241737  0.409913
0.301146    -0.161776  0.534035


0.495617    -0.349701  0.714358
0.564278    -0.185365  0.803973
0.404527    -0.270285  0.633303
0.495617    -0.349701  0.714358


0.564278    -0.185365  0.803973
0.535536    -0.0969062  0.782191
0.432712    -0.17357  0.673366
0.564278    -0.185365  0.803973


0.657522    -0.0792145  0.899068
0.564278    -0.185365  0.803973
0.695844    -0.197159  0.925855
0.657522    -0.0792145  0.899068


0.289226    -0.256132  0.511037
0.16958    -0.149981  0.38598
0.153687    -0.275789  0.354007
0.289226    -0.256132  0.511037


0.257068    -0.384298  0.454711
0.289226    -0.256132  0.511037
0.153687    -0.275789  0.354007
0.257068    -0.384298  0.454711


0.38138    -0.088388  0.625227
0.330048    -0.00320578  0.572143
0.301146    -0.161776  0.534035
0.38138    -0.088388  0.625227


0.432712    -0.17357  0.673366
0.38138    -0.088388  0.625227
0.301146    -0.161776  0.534035
0.432712    -0.17357  0.673366


0.432712    -0.17357  0.673366
0.535536    -0.0969062  0.782191
0.38138    -0.088388  0.625227
0.432712    -0.17357  0.673366


0.153687    -0.275789  0.354007
0.137794    -0.401597  0.313993
0.257068    -0.384298  0.454711
0.153687    -0.275789  0.354007


0.185473    -0.0241737  0.409913
0.0542545    0.0377628  0.253544
0.0588642    -0.0977224  0.257145
0.185473    -0.0241737  0.409913


0.137794    -0.401597  0.313993
0.252018    -0.508533  0.421311
0.257068    -0.384298  0.454711
0.137794    -0.401597  0.313993


-0.34764    -0.274036  -0.296749
-0.403483    -0.146108  -0.363578
-0.468583    -0.24869  -0.468583
-0.34764    -0.274036  -0.296749


-0.34764    -0.274036  -0.296749
-0.292049    -0.172045  -0.206961
-0.403483    -0.146108  -0.363578
-0.34764    -0.274036  -0.296749


-0.291796    -0.401964  -0.239631
-0.34764    -0.274036  -0.296749
-0.429776    -0.368125  -0.429776
-0.291796    -0.401964  -0.239631


-0.236206    -0.299972  -0.14488
-0.180615    -0.197981  -0.0569046
-0.292049    -0.172045  -0.206961
-0.236206    -0.299972  -0.14488


-0.291796    -0.401964  -0.239631
-0.236206    -0.299972  -0.14488
-0.34764    -0.274036  -0.296749
-0.291796    -0.401964  -0.239631


-0.187374    -0.383169  -0.0928807
-0.138543    -0.466366  -0.0455336
-0.103862    -0.345141  0.0245137
-0.187374    -0.383169  -0.0928807


-0.291796    -0.401964  -0.239631
-0.187374    -0.383169  -0.0928807
-0.236206    -0.299972  -0.14488
-0.291796    -0.401964  -0.239631


-0.291796    -0.401964  -0.239631
-0.235953    -0.529892  -0.192238
-0.187374    -0.383169  -0.0928807
-0.291796    -0.401964  -0.239631


-0.103862    -0.345141  0.0245137
-0.180615    -0.197981  -0.0569046
-0.236206    -0.299972  -0.14488
-0.103862    -0.345141  0.0245137


-0.103862    -0.345141  0.0245137
-0.0691812    -0.223917  0.0866109
-0.180615    -0.197981  -0.0569046
-0.103862    -0.345141  0.0245137


0.0132114    -0.444362  0.153925
-0.103862    -0.345141  0.0245137
-0.138543    -0.466366  -0.0455336
0.0132114    -0.444362  0.153925


0.0132114    -0.444362  0.153925
0.0562768    -0.339315  0.227589
-0.103862    -0.345141  0.0245137
0.0132114    -0.444362  0.153925


0.0542545    0.0377628  0.253544
0.185473    -0.0241737  0.409913
0.201366    0.101634  0.425806
0.0542545    0.0377628  0.253544


-0.0716663    0.141635  0.0909356
0.0542545    0.0377628  0.253544
0.0865501    0.155828  0.287062
-0.0716663    0.141635  0.0909356


-0.0518514    -0.0454635  0.120815
0.0588642    -0.0977224  0.257145
0.0542545    0.0377628  0.253544
-0.0518514    -0.0454635  0.120815


-0.211392    -0.0701406  -0.0898239
-0.116233    -0.121722  0.0344451
-0.162567    0.00679546  -0.0230097
-0.211392    -0.0701406  -0.0898239


0.0588642    -0.0977224  0.257145
0.16958    -0.149981  0.38598
0.185473    -0.0241737  0.409913
0.0588642    -0.0977224  0.257145


-0.116233    -0.121722  0.0344451
0.0588642    -0.0977224  0.257145
-0.0518514    -0.0454635  0.120815
-0.116233    -0.121722  0.0344451


0.0306693    -0.217723  0.213069
0.16958    -0.149981  0.38598
0.0588642    -0.0977224  0.257145
0.0306693    -0.217723  0.213069


-0.0691812    -0.223917  0.0866109
0.0306693    -0.217723  0.213069
0.0588642    -0.0977224  0.257145
-0.0691812    -0.223917  0.0866109


-0.292049    -0.172045  -0.206961
-0.211392    -0.0701406  -0.0898239
-0.338383    -0.043527  -0.265274
-0.292049    -0.172045  -0.206961


0.505837    -0.810471  0.590931
0.359856    -0.810471  0.440039
0.439174    -0.904827  0.482887
0.505837    -0.810471  0.590931


0.560826    -0.904827  0.604551
0.505837    -0.810471  0.590931
0.439174    -0.904827  0.482887
0.560826    -0.904827  0.604551


0.477318    -0.602889  0.635638
0.575708    -0.546275  0.748989
0.512254    -0.470791  0.706123
0.477318    -0.602889  0.635638


0.644154    -0.786882  0.733483
0.5725    -0.716116  0.692299
0.505837    -0.810471  0.590931
0.644154    -0.786882  0.733483


0.644154    -0.786882  0.733483
0.727483    -0.668938  0.851993
0.5725    -0.716116  0.692299
0.644154    -0.786882  0.733483


0.201219    -0.62176  0.331573
0.280537    -0.716116  0.389608
0.331337    -0.602889  0.482673
0.201219    -0.62176  0.331573


0.1219    -0.527404  0.26594
0.201219    -0.62176  0.331573
0.252018    -0.508533  0.421311
0.1219    -0.527404  0.26594


0.106007    -0.653212  0.209847
0.280537    -0.716116  0.389608
0.201219    -0.62176  0.331573
0.106007    -0.653212  0.209847


0.106007    -0.653212  0.209847
0.0901139    -0.779019  0.145693
0.206467    -0.820955  0.265732
0.106007    -0.653212  0.209847


-0.0182546    -0.575515  0.0811151
-0.15841    -0.623625  -0.114702
-0.0157084    -0.711863  0.0404062
-0.0182546    -0.575515  0.0811151


0.106007    -0.653212  0.209847
-0.0182546    -0.575515  0.0811151
-0.0157084    -0.711863  0.0404062
0.106007    -0.653212  0.209847


0.0132114    -0.444362  0.153925
-0.138543    -0.466366  -0.0455336
-0.0182546    -0.575515  0.0811151
0.0132114    -0.444362  0.153925


0.206467    -0.820955  0.265732
0.190983    -0.951057  0.190983
0.312619    -0.982287  0.312619
0.206467    -0.820955  0.265732


0.106007    -0.653212  0.209847
0.206467    -0.820955  0.265732
0.280537    -0.716116  0.389608
0.106007    -0.653212  0.209847


0.0901139    -0.779019  0.145693
0.0742207    -0.904827  0.0742207
0.206467    -0.820955  0.265732
0.0901139    -0.779019  0.145693


1.11137    -0.487127  1.20792
1.04113    -0.40284  1.17668
0.960941    -0.475606  1.10059
1.11137    -0.487127  1.20792


0.705826    -0.527404  0.875014
0.727483    -0.668938  0.851993
0.810812    -0.550993  0.96008
0.705826    -0.527404  0.875014


0.512254    -0.470791  0.706123
0.575708    -0.546275  0.748989
0.642371    -0.45192  0.835564
0.512254    -0.470791  0.706123


0.5725    -0.716116  0.692299
0.727483    -0.668938  0.851993
0.639163    -0.62176  0.786993
0.5725    -0.716116  0.692299


0.687381    -0.982287  0.687381
0.665768    -0.884585  0.712585
0.560826    -0.904827  0.604551
0.687381    -0.982287  0.687381


0.705826    -0.527404  0.875014
0.810812    -0.550993  0.96008
0.772489    -0.433048  0.956362
0.705826    -0.527404  0.875014


0.575708    -0.546275  0.748989
0.705826    -0.527404  0.875014
0.642371    -0.45192  0.835564
0.575708    -0.546275  0.748989


0.639163    -0.62176  0.786993
0.727483    -0.668938  0.851993
0.705826    -0.527404  0.875014
0.639163    -0.62176  0.786993


0.77702    -0.782951  0.853883
0.727483    -0.668938  0.851993
0.644154    -0.786882  0.733483
0.77702    -0.782951  0.853883


0.849134    -0.668938  0.956108
0.810812    -0.550993  0.96008
0.727483    -0.668938  0.851993
0.849134    -0.668938  0.956108


0.614892    -0.332402  0.833287
0.695844    -0.197159  0.925855
0.564278    -0.185365  0.803973
0.614892    -0.332402  0.833287


0.1219    -0.527404  0.26594
0.106007    -0.653212  0.209847
0.201219    -0.62176  0.331573
0.1219    -0.527404  0.26594


0.477318    -0.602889  0.635638
0.5725    -0.716116  0.692299
0.639163    -0.62176  0.786993
0.477318    -0.602889  0.635638


0.331337    -0.602889  0.482673
0.477318    -0.602889  0.635638
0.382136    -0.489662  0.568038
0.331337    -0.602889  0.482673


0.280537    -0.716116  0.389608
0.359856    -0.810471  0.440039
0.426519    -0.716116  0.546281
0.280537    -0.716116  0.389608


0.772489    -0.433048  0.956362
0.642371    -0.45192  0.835564
0.705826    -0.527404  0.875014
0.772489    -0.433048  0.956362


0.772489    -0.433048  0.956362
0.734167    -0.315104  0.944954
0.642371    -0.45192  0.835564
0.772489    -0.433048  0.956362


0.77702    -0.782951  0.853883
0.849134    -0.668938  0.956108
0.727483    -0.668938  0.851993
0.77702    -0.782951  0.853883


1.03583    -0.844328  1.03583
0.909886    -0.779019  0.965464
0.925779    -0.904827  0.925779
1.03583    -0.844328  1.03583


1.03415    -0.701322  1.08915
1.13742    -0.770513  1.13742
1.15841    -0.623625  1.20212
1.03415    -0.701322  1.08915


1.04254    -0.599415  1.12845
1.03415    -0.701322  1.08915
1.15841    -0.623625  1.20212
1.04254    -0.599415  1.12845


1.11137    -0.487127  1.20792
1.04254    -0.599415  1.12845
1.15841    -0.623625  1.20212
1.11137    -0.487127  1.20792


0.926678    -0.575204  1.04777
0.849134    -0.668938  0.956108
1.03415    -0.701322  1.08915
0.926678    -0.575204  1.04777


0.77702    -0.782951  0.853883
0.909886    -0.779019  0.965464
0.849134    -0.668938  0.956108
0.77702    -0.782951  0.853883


0.665768    -0.884585  0.712585
0.77702    -0.782951  0.853883
0.644154    -0.786882  0.733483
0.665768    -0.884585  0.712585


0.665768    -0.884585  0.712585
0.809017    -0.951057  0.809017
0.77702    -0.782951  0.853883
0.665768    -0.884585  0.712585


0.665768    -0.884585  0.712585
0.687381    -0.982287  0.687381
0.809017    -0.951057  0.809017
0.665768    -0.884585  0.712585


0.925779    -0.904827  0.925779
0.77702    -0.782951  0.853883
0.809017    -0.951057  0.809017
0.925779    -0.904827  0.925779


0.644154    -0.786882  0.733483
0.560826    -0.904827  0.604551
0.665768    -0.884585  0.712585
0.644154    -0.786882  0.733483


0.575708    -0.546275  0.748989
0.639163    -0.62176  0.786993
0.705826    -0.527404  0.875014
0.575708    -0.546275  0.748989


0.382136    -0.489662  0.568038
0.477318    -0.602889  0.635638
0.512254    -0.470791  0.706123
0.382136    -0.489662  0.568038


0.477318    -0.602889  0.635638
0.639163    -0.62176  0.786993
0.575708    -0.546275  0.748989
0.477318    -0.602889  0.635638


0.439174    -0.904827  0.482887
0.562791    -0.998027  0.562791
0.560826    -0.904827  0.604551
0.439174    -0.904827  0.482887


0.560826    -0.904827  0.604551
0.562791    -0.998027  0.562791
0.687381    -0.982287  0.687381
0.560826    -0.904827  0.604551


0.772489    -0.433048  0.956362
0.810812    -0.550993  0.96008
0.862206    -0.401597  1.03841
0.772489    -0.433048  0.956362


0.734167    -0.315104  0.944954
0.772489    -0.433048  0.956362
0.862206    -0.401597  1.03841
0.734167    -0.315104  0.944954


0.614892    -0.332402  0.833287
0.512254    -0.470791  0.706123
0.642371    -0.45192  0.835564
0.614892    -0.332402  0.833287


0.432712    -0.17357  0.673366
0.404527    -0.270285  0.633303
0.564278    -0.185365  0.803973
0.432712    -0.17357  0.673366


0.376343    -0.366999  0.588166
0.512254    -0.470791  0.706123
0.495617    -0.349701  0.714358
0.376343    -0.366999  0.588166


0.206467    -0.820955  0.265732
0.312619    -0.982287  0.312619
0.359856    -0.810471  0.440039
0.206467    -0.820955  0.265732


0.437209    -0.998027  0.437209
0.562791    -0.998027  0.562791
0.439174    -0.904827  0.482887
0.437209    -0.998027  0.437209


1.03415    -0.701322  1.08915
1.04254    -0.599415  1.12845
0.926678    -0.575204  1.04777
1.03415    -0.701322  1.08915


1.03583    -0.844328  1.03583
1.03415    -0.701322  1.08915
0.909886    -0.779019  0.965464
1.03583    -0.844328  1.03583


1.03583    -0.844328  1.03583
1.13742    -0.770513  1.13742
1.03415    -0.701322  1.08915
1.03583    -0.844328  1.03583


1.30902    -0.587785  1.30902
1.23595    -0.529892  1.27967
1.22897    -0.684547  1.22897
1.30902    -0.587785  1.30902


0.926678    -0.575204  1.04777
0.810812    -0.550993  0.96008
0.849134    -0.668938  0.956108
0.926678    -0.575204  1.04777


0.909886    -0.779019  0.965464
1.03415    -0.701322  1.08915
0.849134    -0.668938  0.956108
0.909886    -0.779019  0.965464


1.04254    -0.599415  1.12845
1.11137    -0.487127  1.20792
0.960941    -0.475606  1.10059
1.04254    -0.599415  1.12845


0.960941    -0.475606  1.10059
1.04113    -0.40284  1.17668
0.943723    -0.339315  1.11504
0.960941    -0.475606  1.10059


0.810812    -0.550993  0.96008
0.960941    -0.475606  1.10059
0.862206    -0.401597  1.03841
0.810812    -0.550993  0.96008


0.926678    -0.575204  1.04777
1.04254    -0.599415  1.12845
0.960941    -0.475606  1.10059
0.926678    -0.575204  1.04777


1.23595    -0.529892  1.27967
1.11137    -0.487127  1.20792
1.15841    -0.623625  1.20212
1.23595    -0.529892  1.27967


1.34764    -0.274036  1.39853
1.42978    -0.368125  1.42978
1.46858    -0.24869  1.46858
1.34764    -0.274036  1.39853


1.18062    -0.197981  1.30433
1.23621    -0.299972  1.32753
1.29205    -0.172045  1.37714
1.18062    -0.197981  1.30433


1.20158    -0.444545  1.27844
1.13867    -0.351406  1.25514
1.11137    -0.487127  1.20792
1.20158    -0.444545  1.27844


1.22897    -0.684547  1.22897
1.23595    -0.529892  1.27967
1.15841    -0.623625  1.20212
1.22897    -0.684547  1.22897


1.2918    -0.401964  1.34396
1.42978    -0.368125  1.42978
1.34764    -0.274036  1.39853
1.2918    -0.401964  1.34396


0.846313    -0.275789  1.04663
0.734167    -0.315104  0.944954
0.862206    -0.401597  1.03841
0.846313    -0.275789  1.04663


0.654701    0.313934  0.873397
0.782741    0.227442  0.999141
0.766847    0.353249  0.967167
0.654701    0.313934  0.873397


0.619199    0.0387301  0.86459
0.708916    0.070182  0.946091
0.580876    0.156675  0.822422
0.619199    0.0387301  0.86459


0.798634    0.101634  1.02307
0.782741    0.227442  0.999141
0.681808    0.192058  0.913641
0.798634    0.101634  1.02307


0.941136    -0.0977224  1.13942
0.945745    0.0377628  1.14504
0.814527    -0.0241737  1.03897
0.941136    -0.0977224  1.13942


1.02562    0.230991  1.19253
1.07167    0.141635  1.23427
1.14308    0.264217  1.27156
1.02562    0.230991  1.19253


0.881154    0.273894  1.0754
1.02562    0.230991  1.19253
0.979568    0.320346  1.14573
0.881154    0.273894  1.0754


0.91345    0.155828  1.11396
1.07167    0.141635  1.23427
1.02562    0.230991  1.19253
0.91345    0.155828  1.11396


1.37093    0.153872  1.42467
1.46858    0.24869  1.46858
1.34068    0.327399  1.3865
1.37093    0.153872  1.42467


1.07798    0.366799  1.21015
0.979568    0.320346  1.14573
1.02562    0.230991  1.19253
1.07798    0.366799  1.21015


0.814527    -0.0241737  1.03897
0.708916    0.070182  0.946091
0.657522    -0.0792145  0.899068
0.814527    -0.0241737  1.03897


0.190983    0.951057  0.190983
0.0742207    0.904827  0.0742207
0.182418    0.777124  0.255519
0.190983    0.951057  0.190983


0.336286    0.327039  0.552165
0.357477    0.494783  0.540514
0.249046    0.479057  0.425245
0.336286    0.327039  0.552165


0.280832    0.730672  0.384672
0.296725    0.85648  0.352301
0.182418    0.777124  0.255519
0.280832    0.730672  0.384672


0.117318    0.674543  0.216271
0.280832    0.730672  0.384672
0.182418    0.777124  0.255519
0.117318    0.674543  0.216271


0.427586    0.628453  0.576854
0.389264    0.746398  0.496239
0.280832    0.730672  0.384672
0.427586    0.628453  0.576854


0.766847    0.353249  0.967167
0.750954    0.479057  0.927153
0.627593    0.43581  0.825358
0.766847    0.353249  0.967167


0.413237    0.872212  0.470467
0.527108    0.868281  0.587747
0.437209    0.998027  0.437209
0.413237    0.872212  0.470467


0.437209    0.998027  0.437209
0.527108    0.868281  0.587747
0.562791    0.998027  0.562791
0.437209    0.998027  0.437209


0.427586    0.628453  0.576854
0.499232    0.741156  0.611221
0.389264    0.746398  0.496239
0.427586    0.628453  0.576854


0.427586    0.628453  0.576854
0.465909    0.510509  0.649781
0.581324    0.616659  0.733921
0.427586    0.628453  0.576854


0.719168    0.730672  0.82301
0.752481    0.879706  0.792383
0.640979    0.864349  0.698539
0.719168    0.730672  0.82301


-0.0856458    0.546503  0.00326467
-0.0345821    0.656244  0.0356144
-0.15841    0.623625  -0.114702
-0.0856458    0.546503  0.00326467


-0.0345821    0.656244  0.0356144
0.117318    0.674543  0.216271
0.0522181    0.737755  0.115317
-0.0345821    0.656244  0.0356144


0.336286    0.327039  0.552165
0.504231    0.392564  0.715018
0.357477    0.494783  0.540514
0.336286    0.327039  0.552165


0.217259    0.227442  0.433659
0.336286    0.327039  0.552165
0.233153    0.353249  0.433472
0.217259    0.227442  0.433659


0.338465    0.203853  0.57087
0.459671    0.180264  0.700458
0.43942    0.300829  0.665196
0.338465    0.203853  0.57087


0.264939    0.604864  0.408977
0.280832    0.730672  0.384672
0.117318    0.674543  0.216271
0.264939    0.604864  0.408977


0.357477    0.494783  0.540514
0.264939    0.604864  0.408977
0.249046    0.479057  0.425245
0.357477    0.494783  0.540514


0.427586    0.628453  0.576854
0.280832    0.730672  0.384672
0.264939    0.604864  0.408977
0.427586    0.628453  0.576854


0.312619    0.982287  0.312619
0.296725    0.85648  0.352301
0.413237    0.872212  0.470467
0.312619    0.982287  0.312619


0.312619    0.982287  0.312619
0.190983    0.951057  0.190983
0.296725    0.85648  0.352301
0.312619    0.982287  0.312619


1.0439    0.0174403  1.21919
1.0844    -0.0967542  1.246
1.15859    0.0382474  1.29911
1.0439    0.0174403  1.21919


1.20818    0.161636  1.32559
1.07167    0.141635  1.23427
1.15859    0.0382474  1.29911
1.20818    0.161636  1.32559


0.945745    0.0377628  1.14504
0.941136    -0.0977224  1.13942
1.0439    0.0174403  1.21919
0.945745    0.0377628  1.14504


0.846313    -0.275789  1.04663
0.957747    -0.249853  1.13908
0.83042    -0.149981  1.04682
0.846313    -0.275789  1.04663


1.15859    0.0382474  1.29911
1.21139    -0.0701406  1.33296
1.27328    0.0590544  1.37224
1.15859    0.0382474  1.29911


1.14308    0.264217  1.27156
1.07167    0.141635  1.23427
1.20818    0.161636  1.32559
1.14308    0.264217  1.27156


1.0844    -0.0967542  1.246
1.21139    -0.0701406  1.33296
1.15859    0.0382474  1.29911
1.0844    -0.0967542  1.246


1.20818    0.161636  1.32559
1.15859    0.0382474  1.29911
1.27328    0.0590544  1.37224
1.20818    0.161636  1.32559


0.957747    -0.249853  1.13908
1.06918    -0.223917  1.22497
0.941136    -0.0977224  1.13942
0.957747    -0.249853  1.13908


0.83042    -0.149981  1.04682
0.957747    -0.249853  1.13908
0.941136    -0.0977224  1.13942
0.83042    -0.149981  1.04682


0.846313    -0.275789  1.04663
0.943723    -0.339315  1.11504
0.957747    -0.249853  1.13908
0.846313    -0.275789  1.04663


1.29205    -0.172045  1.37714
1.40348    -0.146108  1.44338
1.33838    -0.043527  1.4115
1.29205    -0.172045  1.37714


1.18062    -0.197981  1.30433
1.29205    -0.172045  1.37714
1.21139    -0.0701406  1.33296
1.18062    -0.197981  1.30433


1.06918    -0.223917  1.22497
1.18062    -0.197981  1.30433
1.0844    -0.0967542  1.246
1.06918    -0.223917  1.22497


0.941136    -0.0977224  1.13942
1.06918    -0.223917  1.22497
1.0844    -0.0967542  1.246
0.941136    -0.0977224  1.13942


0.943723    -0.339315  1.11504
1.04113    -0.40284  1.17668
1.06918    -0.223917  1.22497
0.943723    -0.339315  1.11504


1.23621    -0.299972  1.32753
1.13867    -0.351406  1.25514
1.20158    -0.444545  1.27844
1.23621    -0.299972  1.32753


1.20158    -0.444545  1.27844
1.11137    -0.487127  1.20792
1.23595    -0.529892  1.27967
1.20158    -0.444545  1.27844


1.2918    -0.401964  1.34396
1.20158    -0.444545  1.27844
1.23595    -0.529892  1.27967
1.2918    -0.401964  1.34396


1.2918    -0.401964  1.34396
1.23621    -0.299972  1.32753
1.20158    -0.444545  1.27844
1.2918    -0.401964  1.34396


1.37631    -0.481754  1.37631
1.2918    -0.401964  1.34396
1.23595    -0.529892  1.27967
1.37631    -0.481754  1.37631


1.13867    -0.351406  1.25514
1.18062    -0.197981  1.30433
1.06918    -0.223917  1.22497
1.13867    -0.351406  1.25514


1.34764    -0.274036  1.39853
1.23621    -0.299972  1.32753
1.2918    -0.401964  1.34396
1.34764    -0.274036  1.39853


1.34764    -0.274036  1.39853
1.29205    -0.172045  1.37714
1.23621    -0.299972  1.32753
1.34764    -0.274036  1.39853


1.40348    -0.146108  1.44338
1.5    0  1.5
1.33838    -0.043527  1.4115
1.40348    -0.146108  1.44338


1.49211    -0.125333  1.49211
1.40348    -0.146108  1.44338
1.46858    -0.24869  1.46858
1.49211    -0.125333  1.49211


1.49211    -0.125333  1.49211
1.5    0  1.5
1.40348    -0.146108  1.44338
1.49211    -0.125333  1.49211


1.21139    -0.0701406  1.33296
1.33838    -0.043527  1.4115
1.27328    0.0590544  1.37224
1.21139    -0.0701406  1.33296


1.18062    -0.197981  1.30433
1.21139    -0.0701406  1.33296
1.0844    -0.0967542  1.246
1.18062    -0.197981  1.30433


1.29205    -0.172045  1.37714
1.33838    -0.043527  1.4115
1.21139    -0.0701406  1.33296
1.29205    -0.172045  1.37714


1.34764    -0.274036  1.39853
1.46858    -0.24869  1.46858
1.40348    -0.146108  1.44338
1.34764    -0.274036  1.39853


1.34764    -0.274036  1.39853
1.40348    -0.146108  1.44338
1.29205    -0.172045  1.37714
1.34764    -0.274036  1.39853


0.926678    -0.575204  1.04777
0.960941    -0.475606  1.10059
0.810812    -0.550993  0.96008
0.926678    -0.575204  1.04777


1.2918    -0.401964  1.34396
1.37631    -0.481754  1.37631
1.42978    -0.368125  1.42978
1.2918    -0.401964  1.34396


0.943723    -0.339315  1.11504
0.862206    -0.401597  1.03841
0.960941    -0.475606  1.10059
0.943723    -0.339315  1.11504


1.13867    -0.351406  1.25514
1.06918    -0.223917  1.22497
1.04113    -0.40284  1.17668
1.13867    -0.351406  1.25514


1.11137    -0.487127  1.20792
1.13867    -0.351406  1.25514
1.04113    -0.40284  1.17668
1.11137    -0.487127  1.20792


1.23621    -0.299972  1.32753
1.18062    -0.197981  1.30433
1.13867    -0.351406  1.25514
1.23621    -0.299972  1.32753


0.846313    -0.275789  1.04663
0.862206    -0.401597  1.03841
0.943723    -0.339315  1.11504
0.846313    -0.275789  1.04663


1.22897    -0.684547  1.22897
1.15841    -0.623625  1.20212
1.13742    -0.770513  1.13742
1.22897    -0.684547  1.22897


1.30902    -0.587785  1.30902
1.37631    -0.481754  1.37631
1.23595    -0.529892  1.27967
1.30902    -0.587785  1.30902


0.860982    0.819266  0.909918
0.809017    0.951057  0.809017
0.752481    0.879706  0.792383
0.860982    0.819266  0.909918


0.640979    0.864349  0.698539
0.752481    0.879706  0.792383
0.687381    0.982287  0.687381
0.640979    0.864349  0.698539


1.25158    0.286674  1.33914
1.14308    0.264217  1.27156
1.20818    0.161636  1.32559
1.25158    0.286674  1.33914


1.37093    0.153872  1.42467
1.25158    0.286674  1.33914
1.20818    0.161636  1.32559
1.37093    0.153872  1.42467


1.29498    0.411712  1.34392
1.18648    0.389255  1.2801
1.25158    0.286674  1.33914
1.29498    0.411712  1.34392


1.37631    0.481754  1.37631
1.29498    0.411712  1.34392
1.42978    0.368125  1.42978
1.37631    0.481754  1.37631


1.18648    0.389255  1.2801
1.07798    0.366799  1.21015
1.14308    0.264217  1.27156
1.18648    0.389255  1.2801


1.20818    0.493222  1.27129
1.18648    0.389255  1.2801
1.29498    0.411712  1.34392
1.20818    0.493222  1.27129


1.20818    0.493222  1.27129
1.11053    0.481301  1.20875
1.18648    0.389255  1.2801
1.20818    0.493222  1.27129


1.30902    0.587785  1.30902
1.20818    0.493222  1.27129
1.37631    0.481754  1.37631
1.30902    0.587785  1.30902


0.6092    0.735914  0.720145
0.719168    0.730672  0.82301
0.640979    0.864349  0.698539
0.6092    0.735914  0.720145


0.427586    0.628453  0.576854
0.581324    0.616659  0.733921
0.499232    0.741156  0.611221
0.427586    0.628453  0.576854


0.581324    0.616659  0.733921
0.719168    0.730672  0.82301
0.6092    0.735914  0.720145
0.581324    0.616659  0.733921


0.581324    0.616659  0.733921
0.735061    0.604864  0.8791
0.719168    0.730672  0.82301
0.581324    0.616659  0.733921


0.499232    0.741156  0.611221
0.581324    0.616659  0.733921
0.6092    0.735914  0.720145
0.499232    0.741156  0.611221


0.465909    0.510509  0.649781
0.627593    0.43581  0.825358
0.581324    0.616659  0.733921
0.465909    0.510509  0.649781


0.654701    0.313934  0.873397
0.504231    0.392564  0.715018
0.542554    0.274619  0.772565
0.654701    0.313934  0.873397


0.735061    0.604864  0.8791
0.627593    0.43581  0.825358
0.750954    0.479057  0.927153
0.735061    0.604864  0.8791


0.465909    0.510509  0.649781
0.504231    0.392564  0.715018
0.627593    0.43581  0.825358
0.465909    0.510509  0.649781


0.264939    0.604864  0.408977
0.357477    0.494783  0.540514
0.427586    0.628453  0.576854
0.264939    0.604864  0.408977


0.357477    0.494783  0.540514
0.504231    0.392564  0.715018
0.465909    0.510509  0.649781
0.357477    0.494783  0.540514


0.427586    0.628453  0.576854
0.357477    0.494783  0.540514
0.465909    0.510509  0.649781
0.427586    0.628453  0.576854


0.249046    0.479057  0.425245
0.233153    0.353249  0.433472
0.336286    0.327039  0.552165
0.249046    0.479057  0.425245


0.504231    0.392564  0.715018
0.654701    0.313934  0.873397
0.627593    0.43581  0.825358
0.504231    0.392564  0.715018


0.841421    0.588413  0.975039
0.947782    0.571962  1.06519
0.882682    0.674543  0.981634
0.841421    0.588413  0.975039


0.750954    0.479057  0.927153
0.841421    0.588413  0.975039
0.735061    0.604864  0.8791
0.750954    0.479057  0.927153


0.750954    0.479057  0.927153
0.889865    0.411315  1.05889
0.841421    0.588413  0.975039
0.750954    0.479057  0.927153


0.581324    0.616659  0.733921
0.627593    0.43581  0.825358
0.735061    0.604864  0.8791
0.581324    0.616659  0.733921


0.766847    0.353249  0.967167
0.889865    0.411315  1.05889
0.750954    0.479057  0.927153
0.766847    0.353249  0.967167


1.03458    0.656244  1.10478
0.947782    0.737755  1.01089
0.882682    0.674543  0.981634
1.03458    0.656244  1.10478


1.01288    0.46938  1.14136
1.07256    0.568773  1.15905
0.947782    0.571962  1.06519
1.01288    0.46938  1.14136


1.15841    0.623625  1.20212
1.13742    0.770513  1.13742
1.03458    0.656244  1.10478
1.15841    0.623625  1.20212


1.03458    0.656244  1.10478
1.13742    0.770513  1.13742
1.03583    0.844328  1.03583
1.03458    0.656244  1.10478


1.13742    0.770513  1.13742
1.15841    0.623625  1.20212
1.22897    0.684547  1.22897
1.13742    0.770513  1.13742


0.947782    0.737755  1.01089
1.03583    0.844328  1.03583
0.925779    0.904827  0.925779
0.947782    0.737755  1.01089


0.947782    0.571962  1.06519
1.03458    0.656244  1.10478
0.882682    0.674543  0.981634
0.947782    0.571962  1.06519


1.03458    0.656244  1.10478
1.03583    0.844328  1.03583
0.947782    0.737755  1.01089
1.03458    0.656244  1.10478


1.30902    0.587785  1.30902
1.15841    0.623625  1.20212
1.20818    0.493222  1.27129
1.30902    0.587785  1.30902


1.22897    0.684547  1.22897
1.15841    0.623625  1.20212
1.30902    0.587785  1.30902
1.22897    0.684547  1.22897


0.882682    0.674543  0.981634
0.947782    0.737755  1.01089
0.860982    0.819266  0.909918
0.882682    0.674543  0.981634


0.860982    0.819266  0.909918
0.752481    0.879706  0.792383
0.719168    0.730672  0.82301
0.860982    0.819266  0.909918


0.925779    0.904827  0.925779
0.860982    0.819266  0.909918
0.947782    0.737755  1.01089
0.925779    0.904827  0.925779


0.925779    0.904827  0.925779
0.809017    0.951057  0.809017
0.860982    0.819266  0.909918
0.925779    0.904827  0.925779


0.860982    0.819266  0.909918
0.719168    0.730672  0.82301
0.882682    0.674543  0.981634
0.860982    0.819266  0.909918


0.687381    0.982287  0.687381
0.752481    0.879706  0.792383
0.809017    0.951057  0.809017
0.687381    0.982287  0.687381


0.687381    0.982287  0.687381
0.562791    0.998027  0.562791
0.640979    0.864349  0.698539
0.687381    0.982287  0.687381


0.889865    0.411315  1.05889
0.766847    0.353249  0.967167
0.881154    0.273894  1.0754
0.889865    0.411315  1.05889


1.01288    0.46938  1.14136
0.889865    0.411315  1.05889
0.979568    0.320346  1.14573
1.01288    0.46938  1.14136


1.01288    0.46938  1.14136
0.947782    0.571962  1.06519
0.889865    0.411315  1.05889
1.01288    0.46938  1.14136


1.18648    0.389255  1.2801
1.11053    0.481301  1.20875
1.07798    0.366799  1.21015
1.18648    0.389255  1.2801


0.947782    0.571962  1.06519
0.841421    0.588413  0.975039
0.889865    0.411315  1.05889
0.947782    0.571962  1.06519


1.07256    0.568773  1.15905
1.15841    0.623625  1.20212
1.03458    0.656244  1.10478
1.07256    0.568773  1.15905


1.07798    0.366799  1.21015
1.11053    0.481301  1.20875
1.01288    0.46938  1.14136
1.07798    0.366799  1.21015


1.20818    0.493222  1.27129
1.15841    0.623625  1.20212
1.11053    0.481301  1.20875
1.20818    0.493222  1.27129


0.882682    0.674543  0.981634
0.735061    0.604864  0.8791
0.841421    0.588413  0.975039
0.882682    0.674543  0.981634


0.413237    0.872212  0.470467
0.437209    0.998027  0.437209
0.312619    0.982287  0.312619
0.413237    0.872212  0.470467


0.499232    0.741156  0.611221
0.413237    0.872212  0.470467
0.389264    0.746398  0.496239
0.499232    0.741156  0.611221


0.527108    0.868281  0.587747
0.640979    0.864349  0.698539
0.562791    0.998027  0.562791
0.527108    0.868281  0.587747


0.499232    0.741156  0.611221
0.527108    0.868281  0.587747
0.413237    0.872212  0.470467
0.499232    0.741156  0.611221


0.499232    0.741156  0.611221
0.6092    0.735914  0.720145
0.527108    0.868281  0.587747
0.499232    0.741156  0.611221


0.580876    0.156675  0.822422
0.542554    0.274619  0.772565
0.459671    0.180264  0.700458
0.580876    0.156675  0.822422


0.389264    0.746398  0.496239
0.296725    0.85648  0.352301
0.280832    0.730672  0.384672
0.389264    0.746398  0.496239


0.6092    0.735914  0.720145
0.640979    0.864349  0.698539
0.527108    0.868281  0.587747
0.6092    0.735914  0.720145


0.413237    0.872212  0.470467
0.296725    0.85648  0.352301
0.389264    0.746398  0.496239
0.413237    0.872212  0.470467


