0.000 0.040 0.040 0.000 
0.016 0.046 0.047 0.000 
0.031 0.053 0.054 0.001 
0.047 0.061 0.063 0.002 
0.062 0.071 0.073 0.003 
0.078 0.081 0.085 0.004 
0.094 0.093 0.099 0.006 
0.109 0.107 0.115 0.008 
0.125 0.123 0.133 0.010 
0.141 0.141 0.154 0.013 
0.156 0.162 0.177 0.016 
0.172 0.185 0.204 0.020 
0.188 0.211 0.235 0.024 
0.203 0.241 0.269 0.029 
0.219 0.274 0.308 0.034 
0.234 0.311 0.351 0.040 
0.250 0.352 0.398 0.047 
0.266 0.397 0.450 0.054 
0.281 0.446 0.507 0.061 
0.297 0.501 0.569 0.068 
0.312 0.559 0.634 0.075 
0.328 0.622 0.704 0.082 
0.344 0.689 0.777 0.087 
0.359 0.760 0.852 0.092 
0.375 0.833 0.929 0.096 
0.391 0.909 1.007 0.098 
0.406 0.987 1.085 0.098 
0.422 1.065 1.162 0.097 
0.438 1.143 1.237 0.094 
0.453 1.219 1.309 0.090 
0.469 1.294 1.378 0.084 
0.484 1.365 1.443 0.078 
0.500 1.433 1.504 0.071 
0.516 1.496 1.560 0.063 
0.531 1.555 1.611 0.056 
0.547 1.609 1.658 0.048 
0.562 1.658 1.700 0.041 
0.578 1.703 1.737 0.035 
0.594 1.742 1.771 0.029 
0.609 1.777 1.801 0.024 
0.625 1.808 1.827 0.019 
0.641 1.835 1.850 0.015 
0.656 1.859 1.871 0.012 
0.672 1.879 1.888 0.009 
0.688 1.897 1.904 0.007 
0.703 1.912 1.917 0.005 
0.719 1.925 1.929 0.003 
0.734 1.937 1.939 0.002 
0.750 1.946 1.947 0.001 
0.766 1.954 1.955 0.000 
0.781 1.961 1.961 0.000 
0.797 1.967 1.967 0.001 
0.812 1.972 1.971 0.001 
0.828 1.977 1.975 0.001 
0.844 1.980 1.979 0.001 
0.859 1.983 1.982 0.001 
0.875 1.986 1.985 0.001 
0.891 1.988 1.987 0.001 
0.906 1.990 1.989 0.001 
0.922 1.991 1.990 0.001 
0.938 1.993 1.992 0.001 
0.953 1.994 1.993 0.001 
0.969 1.995 1.994 0.001 
0.984 1.996 1.995 0.001 
1.000 1.996 1.996 0.001 
