0.000 0.040 0.040 0.000 
0.031 0.052 0.054 0.002 
0.062 0.068 0.073 0.005 
0.094 0.089 0.099 0.010 
0.125 0.115 0.133 0.018 
0.156 0.149 0.177 0.028 
0.188 0.192 0.235 0.043 
0.219 0.247 0.308 0.061 
0.250 0.314 0.398 0.084 
0.281 0.397 0.507 0.110 
0.312 0.496 0.634 0.138 
0.344 0.613 0.777 0.164 
0.375 0.746 0.929 0.183 
0.406 0.892 1.085 0.193 
0.438 1.046 1.237 0.191 
0.469 1.202 1.378 0.176 
0.500 1.352 1.504 0.151 
0.531 1.489 1.611 0.122 
0.562 1.608 1.700 0.092 
0.594 1.706 1.771 0.065 
0.625 1.785 1.827 0.042 
0.656 1.845 1.871 0.026 
0.688 1.889 1.904 0.014 
0.719 1.922 1.929 0.006 
0.750 1.946 1.947 0.002 
0.781 1.962 1.961 0.001 
0.812 1.974 1.971 0.002 
0.844 1.982 1.979 0.003 
0.875 1.987 1.985 0.003 
0.906 1.991 1.989 0.003 
0.938 1.994 1.992 0.002 
0.969 1.996 1.994 0.002 
1.000 1.997 1.996 0.002 
