0.000 0.040 0.040 0.000 
0.008 0.043 0.043 0.000 
0.016 0.046 0.047 0.000 
0.023 0.050 0.050 0.000 
0.031 0.054 0.054 0.001 
0.039 0.058 0.059 0.001 
0.047 0.062 0.063 0.001 
0.055 0.067 0.068 0.001 
0.062 0.072 0.073 0.002 
0.070 0.077 0.079 0.002 
0.078 0.083 0.085 0.002 
0.086 0.089 0.092 0.003 
0.094 0.096 0.099 0.003 
0.102 0.103 0.107 0.004 
0.109 0.111 0.115 0.004 
0.117 0.119 0.124 0.005 
0.125 0.128 0.133 0.005 
0.133 0.137 0.143 0.006 
0.141 0.147 0.154 0.007 
0.148 0.158 0.165 0.008 
0.156 0.169 0.177 0.008 
0.164 0.181 0.190 0.009 
0.172 0.194 0.204 0.010 
0.180 0.208 0.219 0.011 
0.188 0.222 0.235 0.013 
0.195 0.238 0.252 0.014 
0.203 0.254 0.269 0.015 
0.211 0.271 0.288 0.017 
0.219 0.290 0.308 0.018 
0.227 0.309 0.329 0.020 
0.234 0.329 0.351 0.021 
0.242 0.351 0.374 0.023 
0.250 0.374 0.398 0.025 
0.258 0.397 0.424 0.026 
0.266 0.422 0.450 0.028 
0.273 0.448 0.478 0.030 
0.281 0.475 0.507 0.032 
0.289 0.504 0.537 0.034 
0.297 0.533 0.569 0.036 
0.305 0.564 0.601 0.037 
0.312 0.595 0.634 0.039 
0.320 0.628 0.669 0.041 
0.328 0.662 0.704 0.042 
0.336 0.696 0.740 0.044 
0.344 0.732 0.777 0.045 
0.352 0.768 0.814 0.046 
0.359 0.805 0.852 0.047 
0.367 0.842 0.890 0.048 
0.375 0.880 0.929 0.049 
0.383 0.919 0.968 0.049 
0.391 0.958 1.007 0.049 
0.398 0.997 1.046 0.049 
0.406 1.036 1.085 0.049 
0.414 1.075 1.124 0.049 
0.422 1.114 1.162 0.048 
0.430 1.152 1.200 0.048 
0.438 1.190 1.237 0.047 
0.445 1.228 1.274 0.045 
0.453 1.265 1.309 0.044 
0.461 1.301 1.344 0.043 
0.469 1.337 1.378 0.041 
0.477 1.372 1.411 0.040 
0.484 1.405 1.443 0.038 
0.492 1.438 1.474 0.036 
0.500 1.469 1.504 0.034 
0.508 1.500 1.532 0.032 
0.516 1.529 1.560 0.030 
0.523 1.557 1.586 0.028 
0.531 1.584 1.611 0.027 
0.539 1.610 1.635 0.025 
0.547 1.635 1.658 0.023 
0.555 1.658 1.679 0.021 
0.562 1.680 1.700 0.020 
0.570 1.701 1.719 0.018 
0.578 1.721 1.737 0.017 
0.586 1.740 1.755 0.015 
0.594 1.757 1.771 0.014 
0.602 1.774 1.786 0.012 
0.609 1.790 1.801 0.011 
0.617 1.804 1.814 0.010 
0.625 1.818 1.827 0.009 
0.633 1.831 1.839 0.008 
0.641 1.843 1.850 0.007 
0.648 1.854 1.861 0.006 
0.656 1.865 1.871 0.006 
0.664 1.875 1.880 0.005 
0.672 1.884 1.888 0.004 
0.680 1.893 1.896 0.004 
0.688 1.900 1.904 0.003 
0.695 1.908 1.911 0.003 
0.703 1.915 1.917 0.002 
0.711 1.921 1.923 0.002 
0.719 1.927 1.929 0.002 
0.727 1.933 1.934 0.001 
0.734 1.938 1.939 0.001 
0.742 1.942 1.943 0.001 
0.750 1.947 1.947 0.001 
0.758 1.951 1.951 0.000 
0.766 1.955 1.955 0.000 
0.773 1.958 1.958 0.000 
0.781 1.961 1.961 0.000 
0.789 1.964 1.964 0.000 
0.797 1.967 1.967 0.000 
0.805 1.969 1.969 0.000 
0.812 1.972 1.971 0.000 
0.820 1.974 1.974 0.000 
0.828 1.976 1.975 0.001 
0.836 1.978 1.977 0.001 
0.844 1.980 1.979 0.001 
0.852 1.981 1.981 0.001 
0.859 1.983 1.982 0.001 
0.867 1.984 1.983 0.001 
0.875 1.985 1.985 0.001 
0.883 1.986 1.986 0.001 
0.891 1.987 1.987 0.001 
0.898 1.988 1.988 0.001 
0.906 1.989 1.989 0.001 
0.914 1.990 1.990 0.001 
0.922 1.991 1.990 0.001 
0.930 1.992 1.991 0.001 
0.938 1.992 1.992 0.001 
0.945 1.993 1.992 0.001 
0.953 1.993 1.993 0.000 
0.961 1.994 1.993 0.000 
0.969 1.994 1.994 0.000 
0.977 1.995 1.994 0.000 
0.984 1.995 1.995 0.000 
0.992 1.996 1.995 0.000 
1.000 1.996 1.996 0.000 
