0.000 0.040 0.040 0.000 
0.031 0.054 0.054 0.000 
0.062 0.073 0.073 0.000 
0.094 0.099 0.099 0.000 
0.125 0.133 0.133 0.000 
0.156 0.177 0.177 0.000 
0.188 0.235 0.235 0.000 
0.219 0.308 0.308 0.000 
0.250 0.398 0.398 0.000 
0.281 0.507 0.507 0.000 
0.312 0.634 0.634 0.000 
0.344 0.777 0.777 0.000 
0.375 0.929 0.929 0.000 
0.406 1.085 1.085 0.000 
0.438 1.237 1.237 0.000 
0.469 1.378 1.378 0.000 
0.500 1.504 1.504 0.000 
0.531 1.611 1.611 0.000 
0.562 1.700 1.700 0.000 
0.594 1.771 1.771 0.000 
0.625 1.827 1.827 0.000 
0.656 1.871 1.871 0.000 
0.688 1.904 1.904 0.000 
0.719 1.929 1.929 0.000 
0.750 1.947 1.947 0.000 
0.781 1.961 1.961 0.000 
0.812 1.971 1.971 0.000 
0.844 1.979 1.979 0.000 
0.875 1.985 1.985 0.000 
0.906 1.989 1.989 0.000 
0.938 1.992 1.992 0.000 
0.969 1.994 1.994 0.000 
1.000 1.996 1.996 0.000 
