0.000 0.040 0.040 0.000 
0.008 0.043 0.043 0.000 
0.016 0.047 0.047 0.000 
0.023 0.050 0.050 0.000 
0.031 0.054 0.054 0.000 
0.039 0.059 0.059 0.000 
0.047 0.063 0.063 0.000 
0.055 0.068 0.068 0.000 
0.062 0.073 0.073 0.000 
0.070 0.079 0.079 0.000 
0.078 0.085 0.085 0.000 
0.086 0.092 0.092 0.000 
0.094 0.099 0.099 0.000 
0.102 0.107 0.107 0.000 
0.109 0.115 0.115 0.000 
0.117 0.124 0.124 0.000 
0.125 0.133 0.133 0.000 
0.133 0.143 0.143 0.000 
0.141 0.154 0.154 0.000 
0.148 0.165 0.165 0.000 
0.156 0.177 0.177 0.000 
0.164 0.190 0.190 0.000 
0.172 0.204 0.204 0.000 
0.180 0.219 0.219 0.000 
0.188 0.235 0.235 0.000 
0.195 0.252 0.252 0.000 
0.203 0.269 0.269 0.000 
0.211 0.288 0.288 0.000 
0.219 0.308 0.308 0.000 
0.227 0.329 0.329 0.000 
0.234 0.351 0.351 0.000 
0.242 0.374 0.374 0.000 
0.250 0.398 0.398 0.000 
0.258 0.424 0.424 0.000 
0.266 0.450 0.450 0.000 
0.273 0.478 0.478 0.000 
0.281 0.507 0.507 0.000 
0.289 0.537 0.537 0.000 
0.297 0.569 0.569 0.000 
0.305 0.601 0.601 0.000 
0.312 0.634 0.634 0.000 
0.320 0.669 0.669 0.000 
0.328 0.704 0.704 0.000 
0.336 0.740 0.740 0.000 
0.344 0.777 0.777 0.000 
0.352 0.814 0.814 0.000 
0.359 0.852 0.852 0.000 
0.367 0.890 0.890 0.000 
0.375 0.929 0.929 0.000 
0.383 0.968 0.968 0.000 
0.391 1.007 1.007 0.000 
0.398 1.046 1.046 0.000 
0.406 1.085 1.085 0.000 
0.414 1.124 1.124 0.000 
0.422 1.162 1.162 0.000 
0.430 1.200 1.200 0.000 
0.438 1.237 1.237 0.000 
0.445 1.274 1.274 0.000 
0.453 1.309 1.309 0.000 
0.461 1.344 1.344 0.000 
0.469 1.378 1.378 0.000 
0.477 1.411 1.411 0.000 
0.484 1.443 1.443 0.000 
0.492 1.474 1.474 0.000 
0.500 1.504 1.504 0.000 
0.508 1.532 1.532 0.000 
0.516 1.560 1.560 0.000 
0.523 1.586 1.586 0.000 
0.531 1.611 1.611 0.000 
0.539 1.635 1.635 0.000 
0.547 1.658 1.658 0.000 
0.555 1.679 1.679 0.000 
0.562 1.700 1.700 0.000 
0.570 1.719 1.719 0.000 
0.578 1.737 1.737 0.000 
0.586 1.755 1.755 0.000 
0.594 1.771 1.771 0.000 
0.602 1.786 1.786 0.000 
0.609 1.801 1.801 0.000 
0.617 1.814 1.814 0.000 
0.625 1.827 1.827 0.000 
0.633 1.839 1.839 0.000 
0.641 1.850 1.850 0.000 
0.648 1.861 1.861 0.000 
0.656 1.871 1.871 0.000 
0.664 1.880 1.880 0.000 
0.672 1.888 1.888 0.000 
0.680 1.896 1.896 0.000 
0.688 1.904 1.904 0.000 
0.695 1.911 1.911 0.000 
0.703 1.917 1.917 0.000 
0.711 1.923 1.923 0.000 
0.719 1.929 1.929 0.000 
0.727 1.934 1.934 0.000 
0.734 1.939 1.939 0.000 
0.742 1.943 1.943 0.000 
0.750 1.947 1.947 0.000 
0.758 1.951 1.951 0.000 
0.766 1.955 1.955 0.000 
0.773 1.958 1.958 0.000 
0.781 1.961 1.961 0.000 
0.789 1.964 1.964 0.000 
0.797 1.967 1.967 0.000 
0.805 1.969 1.969 0.000 
0.812 1.971 1.971 0.000 
0.820 1.974 1.974 0.000 
0.828 1.975 1.975 0.000 
0.836 1.977 1.977 0.000 
0.844 1.979 1.979 0.000 
0.852 1.981 1.981 0.000 
0.859 1.982 1.982 0.000 
0.867 1.983 1.983 0.000 
0.875 1.985 1.985 0.000 
0.883 1.986 1.986 0.000 
0.891 1.987 1.987 0.000 
0.898 1.988 1.988 0.000 
0.906 1.989 1.989 0.000 
0.914 1.990 1.990 0.000 
0.922 1.990 1.990 0.000 
0.930 1.991 1.991 0.000 
0.938 1.992 1.992 0.000 
0.945 1.992 1.992 0.000 
0.953 1.993 1.993 0.000 
0.961 1.993 1.993 0.000 
0.969 1.994 1.994 0.000 
0.977 1.994 1.994 0.000 
0.984 1.995 1.995 0.000 
0.992 1.995 1.995 0.000 
1.000 1.996 1.996 0.000 
